rgba(0, 0, 139, 0.5)
rgba(255, 221, 51, 0.5)
rgba(13, 173, 0, 0.5)
rgba(171, 15, 0, 0.5)
rgba(222,42,190, 0.5)
rgba(101,144,35, 0.5)
rgba(147,25,148, 0.5)
rgba(72,130,62, 0.5)
rgba(208,127,254, 0.5)
rgba(250,214,122, 0.5)
rgba(132,204,64, 0.5)
rgba(0,184,75, 0.5)
rgba(137,151,73, 0.5)
rgba(42,62,109, 0.5)
rgba(14,200,17, 0.5)
rgba(243,215,165, 0.5)
rgba(163,94,30, 0.5)
rgba(122,192,143, 0.5)
rgba(155,144,234, 0.5)
rgba(110,55,166, 0.5)
rgba(95,148,26, 0.5)
rgba(95,9,52, 0.5)
rgba(230,22,128, 0.5)
rgba(49,160,161, 0.5)
rgba(213,162,35, 0.5)
rgba(187,219,165, 0.5)
rgba(214,30,163, 0.5)
rgba(178,134,151, 0.5)
rgba(198,91,81, 0.5)
rgba(127,45,58, 0.5)
rgba(86,136,30, 0.5)
rgba(173,222,124, 0.5)
rgba(14,219,201, 0.5)
rgba(164,71,19, 0.5)
rgba(51,26,150, 0.5)
rgba(71,177,49, 0.5)
rgba(0,225,241, 0.5)
rgba(118,3,126, 0.5)
rgba(84,132,226, 0.5)
rgba(172,190,20, 0.5)
rgba(122,171,13, 0.5)
rgba(64,92,169, 0.5)
rgba(147,204,20, 0.5)
rgba(175,100,214, 0.5)
rgba(74,169,167, 0.5)
rgba(216,197,140, 0.5)
rgba(178,73,106, 0.5)
rgba(150,151,159, 0.5)
rgba(16,46,136, 0.5)
rgba(122,87,123, 0.5)
rgba(181,46,187, 0.5)
rgba(86,107,157, 0.5)
rgba(210,138,158, 0.5)
rgba(152,242,158, 0.5)
rgba(165,150,119, 0.5)
rgba(176,133,145, 0.5)
rgba(160,210,42, 0.5)
rgba(76,41,148, 0.5)
rgba(201,17,218, 0.5)
rgba(28,229,72, 0.5)
rgba(212,35,207, 0.5)
rgba(205,170,204, 0.5)
rgba(217,29,86, 0.5)
rgba(6,46,199, 0.5)
rgba(152,157,253, 0.5)
rgba(123,160,150, 0.5)
rgba(170,95,189, 0.5)
rgba(214,185,228, 0.5)
rgba(107,60,139, 0.5)
rgba(136,62,168, 0.5)
rgba(84,96,20, 0.5)
rgba(69,76,30, 0.5)
rgba(122,153,231, 0.5)
rgba(186,106,155, 0.5)
rgba(178,116,72, 0.5)
rgba(234,126,10, 0.5)
rgba(154,239,196, 0.5)
rgba(163,23,66, 0.5)
rgba(127,164,114, 0.5)
rgba(64,53,49, 0.5)
rgba(199,19,159, 0.5)
rgba(180,165,208, 0.5)
rgba(54,254,134, 0.5)
rgba(122,212,19, 0.5)
rgba(222,235,204, 0.5)
rgba(184,30,147, 0.5)
rgba(37,39,178, 0.5)
rgba(24,15,39, 0.5)
rgba(102,129,73, 0.5)
rgba(210,206,153, 0.5)
rgba(252,22,207, 0.5)
rgba(166,97,201, 0.5)
rgba(247,76,186, 0.5)
rgba(185,68,205, 0.5)
rgba(79,212,161, 0.5)
rgba(86,122,189, 0.5)
rgba(205,54,121, 0.5)
rgba(206,74,39, 0.5)
rgba(81,118,170, 0.5)
rgba(209,239,105, 0.5)